$ 1 0.000005 10.20027730826997 50 5 43
g -32 240 -32 256 0
R -256 240 -288 240 0 2 40 1.65 1.65 0 0.5
34 z13 0 1.7143528192810002e-7 0 2 13
z -32 208 -32 160 2 z13
t -64 224 -32 224 0 1 0.6018446015107459 0.6397752522189479 100
r -64 224 -128 224 0 1000
R -176 176 -176 144 0 0 40 3.3 0 0 0.5
t -208 240 -176 240 0 1 -1.9698876259094737 9.999999999613376e-11 100
g -176 256 -176 272 0
r -208 240 -256 240 0 1000
r -176 176 -176 224 0 1000
R -32 96 -32 48 0 0 40 16 0 0 0.5
368 -32 160 -96 160 0 0
w -128 224 -176 224 0
r -32 96 -32 160 0 1000
x -299 61 -236 64 4 24 Write
g 144 272 144 288 0
z 144 272 144 224 2 z13
r 144 224 144 160 0 1000
w -32 160 32 160 0
d 32 64 96 64 2 default
t 224 160 256 160 0 1 -3.2999999999 -2.5849394142282115e-26 100
r 256 176 256 240 0 1000
g 256 272 256 288 0
R 256 144 256 96 0 0 40 3.3 0 0 0.5
368 256 176 320 176 0 0
x 133 61 193 64 4 24 Read
r 176 160 224 160 0 1000
r 80 112 144 112 0 100
w 256 240 256 272 0
w 144 240 144 224 0
R 144 160 112 160 0 2 40 8 8 0 0.5
w 176 160 144 160 0
w 32 160 80 160 0
o 11 64 0 4103 20 25.6 0 2 11 3
o 1 64 0 4103 5 0.003125 0 2 1 3
o 24 64 0 4103 5 6.4 0 2 24 3
